"clang","test/CMakeFiles/unit.infrastructure.basic.exe.dir/Debug/unit/infrastructure/bitcast.cpp.o",243223,206999,114904
"clang","test/CMakeFiles/unit.infrastructure.basic.exe.dir/Debug/unit/infrastructure/buffer.cpp.o",335674,300708,117128
"clang","test/CMakeFiles/unit.infrastructure.basic.exe.dir/Debug/unit/infrastructure/callable.cpp.o",239779,213695,116060
"clang","test/CMakeFiles/unit.infrastructure.basic.exe.dir/Debug/unit/infrastructure/options.cpp.o",264375,229458,116732
"clang","test/CMakeFiles/unit.infrastructure.basic.exe.dir/Debug/unit/infrastructure/display.cpp.o",734423,661381,137564
"clang","test/CMakeFiles/unit.infrastructure.basic.exe.dir/Debug/unit/infrastructure/output.cpp.o",334151,297135,119100
"clang","test/CMakeFiles/unit.infrastructure.basic.exe.dir/Debug/unit/infrastructure/main.cpp.o",266869,239883,118320
"clang","test/CMakeFiles/unit.infrastructure.random.exe.dir/Debug/unit/infrastructure/random.cpp.o",799324,744371,148432
"clang","test/CMakeFiles/unit.infrastructure.failure.exe.dir/Debug/unit/infrastructure/failure.cpp.o",724226,664208,139044
"clang","test/CMakeFiles/unit.basic.exe.dir/Debug/unit/basic/main.cpp.o",267603,235651,118180
"clang","test/CMakeFiles/unit.basic.exe.dir/Debug/unit/basic/exceptions.cpp.o",203327,173279,114776
"clang","test/CMakeFiles/unit.basic.exe.dir/Debug/unit/basic/expect.cpp.o",229595,199517,115900
"clang","test/CMakeFiles/unit.basic.exe.dir/Debug/unit/basic/expect_not.cpp.o",233135,206120,115320
"clang","test/CMakeFiles/unit.basic.exe.dir/Debug/unit/basic/when.cpp.o",214535,186465,115768
"clang","test/CMakeFiles/unit.precision.exe.dir/Debug/unit/precision/main.cpp.o",266891,238903,117884
"clang","test/CMakeFiles/unit.precision.exe.dir/Debug/unit/precision/absolute.cpp.o",424311,382281,121388
"clang","test/CMakeFiles/unit.precision.exe.dir/Debug/unit/precision/ieee.cpp.o",246895,214909,116020
"clang","test/CMakeFiles/unit.precision.exe.dir/Debug/unit/precision/range.cpp.o",277040,246036,120244
"clang","test/CMakeFiles/unit.precision.exe.dir/Debug/unit/precision/relative.cpp.o",533030,479027,130668
"clang","test/CMakeFiles/unit.precision.exe.dir/Debug/unit/precision/sequence.cpp.o",582664,539615,137996
"clang","test/CMakeFiles/unit.precision.exe.dir/Debug/unit/precision/ulp.cpp.o",440908,399917,122556
"clang","test/CMakeFiles/unit.relation.exe.dir/Debug/unit/relation/main.cpp.o",272348,242310,116564
"clang","test/CMakeFiles/unit.relation.exe.dir/Debug/unit/relation/bit_equal.cpp.o",263095,232202,116960
"clang","test/CMakeFiles/unit.relation.exe.dir/Debug/unit/relation/equal.cpp.o",389970,347974,125988
"clang","test/CMakeFiles/unit.relation.exe.dir/Debug/unit/relation/greater.cpp.o",392160,351144,125652
"clang","test/CMakeFiles/unit.relation.exe.dir/Debug/unit/relation/greater_equal.cpp.o",394835,356851,124472
"clang","test/CMakeFiles/unit.relation.exe.dir/Debug/unit/relation/less.cpp.o",386065,346162,125856
"clang","test/CMakeFiles/unit.relation.exe.dir/Debug/unit/relation/less_equal.cpp.o",399399,356464,126308
"clang","test/CMakeFiles/unit.relation.exe.dir/Debug/unit/relation/not_equal.cpp.o",388712,343630,124880
"clang","test/CMakeFiles/unit.generator.exe.dir/Debug/unit/generator/main.cpp.o",271069,243062,117680
"clang","test/CMakeFiles/unit.generator.exe.dir/Debug/unit/generator/limits.cpp.o",377452,349493,120772
"clang","test/CMakeFiles/unit.generator.exe.dir/Debug/unit/generator/generator.cpp.o",1062833,1000843,151884
"clang","test/CMakeFiles/unit.generator.exe.dir/Debug/unit/generator/types.cpp.o",628885,580894,133792
"clang","test/CMakeFiles/unit.driver.capture_flag.exe.dir/Debug/unit/driver/capture_flag.cpp.o",273823,240845,118640
"clang","test/CMakeFiles/unit.driver.dry_flag.exe.dir/Debug/unit/driver/dry_flag.cpp.o",287034,252030,118068
"clang","test/CMakeFiles/unit.driver.empty_suite.exe.dir/Debug/unit/driver/empty_suite.cpp.o",273856,255866,118520
"clang","test/CMakeFiles/unit.driver.expected_outcome.exe.dir/Debug/unit/driver/expected_outcome.cpp.o",333779,307797,119996
"clang","test/CMakeFiles/unit.driver.infos.exe.dir/Debug/unit/driver/infos.cpp.o",276600,245645,118768
"clang","test/CMakeFiles/unit.driver.seed_reporting.exe.dir/Debug/unit/driver/seed_reporting.cpp.o",359142,327219,122764
"clang","test/CMakeFiles/unit.driver.shard_flag.exe.dir/Debug/unit/driver/shard_flag.cpp.o",294789,264811,119572
"clang","test/CMakeFiles/unit.driver.sink_flag.exe.dir/Debug/unit/driver/sink_flag.cpp.o",286187,257168,118460
"clang","test/CMakeFiles/unit.driver.sinks.exe.dir/Debug/unit/driver/sinks.cpp.o",285670,262697,119224
"clang","test/CMakeFiles/unit.driver.structured_sink.exe.dir/Debug/unit/driver/structured_sink.cpp.o",287251,267234,117196
"clang","test/CMakeFiles/unit.driver.suite_aborted.exe.dir/Debug/unit/driver/suite_aborted.cpp.o",275985,240987,117500
